%YAML:1.0
---
Curent Time : "Tue Jan 17 11:31:36 2023\n"
Camera matrix : !!opencv-matrix
   rows: 3
   cols: 3
   dt: d
   data: [ 2.1928624092259183e+03, 0., 9.5950000000000000e+02, 0.,
       2.1928624092259183e+03, 5.3550000000000000e+02, 0., 0., 1. ]
distort coeff : !!opencv-matrix
   rows: 5
   cols: 1
   dt: d
   data: [ -3.7328598238251315e-01, 5.0074453410617326e-01, 0., 0., 0. ]
reprojetion error : 4.5060861394197076e+00
